1.078612804412841797e+00 6.419073045253753662e-02 -5.601463317871093750e-01 -5.192655324935913086e-01
1.052851676940917969e+00 7.069177925586700439e-02 -5.583662986755371094e-01 -5.023071765899658203e-01
9.600700139999389648e-01 2.931371331214904785e-02 -5.453900098800659180e-01 -5.302712321281433105e-01
1.064486742019653320e+00 4.134289547801017761e-02 -5.689846277236938477e-01 -5.134663581848144531e-01
9.716174006462097168e-01 -1.605939865112304688e-02 -5.529068708419799805e-01 -4.655841588973999023e-01
4.759058952331542969e-01 -2.376096844673156738e-01 -4.775642156600952148e-01 -6.734788417816162109e-02
9.500289559364318848e-01 1.349292788654565811e-02 -5.222358703613281250e-01 -5.171834230422973633e-01
9.608501791954040527e-01 1.168713942170143127e-01 -5.339619517326354980e-01 -4.834553003311157227e-01
1.049161434173583984e+00 8.205074071884155273e-02 -5.502780675888061523e-01 -5.275297164916992188e-01
9.179991483688354492e-01 3.674971684813499451e-02 -5.371063947677612305e-01 -5.056943297386169434e-01
1.029556393623352051e+00 5.532719939947128296e-02 -5.579674839973449707e-01 -5.204989910125732422e-01
1.045580625534057617e+00 5.336855724453926086e-02 -5.723764300346374512e-01 -5.245565176010131836e-01
1.053245782852172852e+00 7.197833806276321411e-02 -5.581726431846618652e-01 -5.085422992706298828e-01
1.071169972419738770e+00 3.971287980675697327e-02 -5.663158297538757324e-01 -5.217057466506958008e-01
7.443956732749938965e-01 -1.299375295639038086e-02 -5.306614041328430176e-01 -3.128510713577270508e-01
9.810112118721008301e-01 7.789836823940277100e-02 -5.523713827133178711e-01 -4.716575741767883301e-01
1.032600402832031250e+00 8.376856893301010132e-02 -5.470317602157592773e-01 -5.211243629455566406e-01
1.035307407379150391e+00 5.664786696434020996e-02 -5.514743328094482422e-01 -5.156155824661254883e-01
1.092009544372558594e+00 4.306387528777122498e-02 -5.696153640747070312e-01 -5.229628086090087891e-01
9.320554733276367188e-01 2.088438346982002258e-02 -5.240993499755859375e-01 -5.231876373291015625e-01
9.087953567504882812e-01 6.130535900592803955e-02 -5.397797822952270508e-01 -4.333710670471191406e-01
9.410856962203979492e-01 1.001198031008243561e-02 -5.362902879714965820e-01 -4.938508868217468262e-01
9.201270937919616699e-01 1.475968807935714722e-01 -5.238107442855834961e-01 -4.953914880752563477e-01
8.457815647125244141e-01 2.668447792530059814e-01 -4.892106652259826660e-01 -4.806038141250610352e-01
1.056049346923828125e+00 4.513361304998397827e-02 -5.616121292114257812e-01 -5.095331668853759766e-01
1.043262362480163574e+00 3.970099985599517822e-02 -5.589046478271484375e-01 -5.278127193450927734e-01
1.029560923576354980e+00 5.423258244991302490e-02 -5.576323270797729492e-01 -5.166001319885253906e-01
9.637402892112731934e-01 7.506566494703292847e-02 -5.327136516571044922e-01 -5.152741670608520508e-01
9.984158873558044434e-01 6.268230080604553223e-02 -5.591006278991699219e-01 -5.038607120513916016e-01
1.057725787162780762e+00 6.153665482997894287e-02 -5.591266155242919922e-01 -5.106792449951171875e-01
1.043365001678466797e+00 5.711020156741142273e-02 -5.604417920112609863e-01 -5.051268935203552246e-01
9.385510087013244629e-01 -2.125883102416992188e-02 -5.503973960876464844e-01 -4.371697902679443359e-01
8.908253312110900879e-01 8.453825116157531738e-02 -5.435012578964233398e-01 -4.415369629859924316e-01
8.979538679122924805e-01 7.740820199251174927e-02 -5.414230823516845703e-01 -4.542748332023620605e-01
9.892631173133850098e-01 6.372887641191482544e-02 -5.368182659149169922e-01 -5.117511749267578125e-01
8.583713769912719727e-01 -2.089011669158935547e-02 -5.316622257232666016e-01 -4.045102000236511230e-01
1.015836358070373535e+00 4.754080250859260559e-02 -5.619072914123535156e-01 -5.024154186248779297e-01
9.470897912979125977e-01 1.312586665153503418e-01 -5.231053829193115234e-01 -5.035442113876342773e-01
1.002913355827331543e+00 8.398267626762390137e-02 -5.393199920654296875e-01 -5.196084380149841309e-01
1.173623919486999512e+00 1.269931532442569733e-02 -5.651828050613403320e-01 -5.047704577445983887e-01
1.075019359588623047e+00 5.012742057442665100e-02 -5.488731265068054199e-01 -4.997572898864746094e-01
9.603886604309082031e-01 3.367799520492553711e-02 -5.400134325027465820e-01 -5.315940380096435547e-01
9.559717178344726562e-01 3.317258134484291077e-02 -5.390141010284423828e-01 -5.254617929458618164e-01
9.692644476890563965e-01 1.226692944765090942e-01 -5.374069213867187500e-01 -4.957075715065002441e-01
8.799926042556762695e-01 2.280633337795734406e-02 -4.597013592720031738e-01 -5.086473822593688965e-01
1.081627726554870605e+00 4.989876970648765564e-02 -5.638630986213684082e-01 -5.070039033889770508e-01
1.076181411743164062e+00 1.106437668204307556e-01 -5.537995100021362305e-01 -4.974004626274108887e-01
9.733386039733886719e-01 6.039683148264884949e-02 -5.491245985031127930e-01 -4.792733192443847656e-01
1.013734221458435059e+00 8.996855467557907104e-02 -5.422366857528686523e-01 -4.877496957778930664e-01
9.065951108932495117e-01 1.627423427999019623e-02 -4.793975949287414551e-01 -5.017560720443725586e-01
1.031426310539245605e+00 5.216604471206665039e-02 -5.623153448104858398e-01 -5.073251724243164062e-01
1.043851494789123535e+00 4.971772804856300354e-02 -5.630582571029663086e-01 -4.908989071846008301e-01
1.054197907447814941e+00 6.823968887329101562e-02 -5.534138679504394531e-01 -5.009654760360717773e-01
1.045794606208801270e+00 3.018667735159397125e-02 -5.693330764770507812e-01 -5.145206451416015625e-01
1.048228740692138672e+00 7.608301937580108643e-02 -5.593042373657226562e-01 -4.941595792770385742e-01
1.004741311073303223e+00 5.310882627964019775e-02 -5.481215715408325195e-01 -5.109341144561767578e-01
9.118908047676086426e-01 3.350340574979782104e-02 -5.171474814414978027e-01 -5.408915877342224121e-01
9.942793250083923340e-01 4.737582430243492126e-02 -5.473752021789550781e-01 -5.255587100982666016e-01
1.000762462615966797e+00 4.368620738387107849e-02 -5.688611268997192383e-01 -4.944589138031005859e-01
1.034538269042968750e+00 5.429851263761520386e-02 -5.642011165618896484e-01 -5.072123408317565918e-01
1.061138272285461426e+00 5.584008991718292236e-02 -5.657201409339904785e-01 -5.287217497825622559e-01
1.034196257591247559e+00 3.399568796157836914e-02 -5.676960945129394531e-01 -4.967542290687561035e-01
1.019531965255737305e+00 4.531670361757278442e-02 -5.640631914138793945e-01 -5.035233497619628906e-01
4.910680949687957764e-01 -2.467136979103088379e-01 -4.853208065032958984e-01 -9.769243001937866211e-02
1.064573168754577637e+00 6.458370387554168701e-02 -5.538079738616943359e-01 -4.965798258781433105e-01
9.768102169036865234e-01 5.039523914456367493e-02 -5.422319769859313965e-01 -4.928604364395141602e-01
9.090533256530761719e-01 3.879912197589874268e-02 -4.265511035919189453e-01 -5.188280344009399414e-01
8.921386599540710449e-01 -1.484394073486328125e-03 -5.107573866844177246e-01 -5.371863842010498047e-01
9.125999212265014648e-01 1.028758287429809570e-02 -5.313808917999267578e-01 -5.437565445899963379e-01
9.730448126792907715e-01 3.677725046873092651e-02 -5.424010753631591797e-01 -5.140042304992675781e-01
9.976505041122436523e-01 3.334948420524597168e-02 -5.523557066917419434e-01 -5.393853187561035156e-01
1.071267127990722656e+00 6.379533559083938599e-02 -5.548211932182312012e-01 -4.923701286315917969e-01
1.037610054016113281e+00 6.054116785526275635e-02 -5.603609681129455566e-01 -5.107973217964172363e-01
9.767860770225524902e-01 1.921158283948898315e-02 -5.674644708633422852e-01 -4.809836745262145996e-01
1.064668774604797363e+00 1.073760315775871277e-01 -5.617567300796508789e-01 -5.034743547439575195e-01
8.963553905487060547e-01 7.780586369335651398e-03 -5.234289765357971191e-01 -5.479722023010253906e-01
1.021459579467773438e+00 5.473853275179862976e-02 -5.637941956520080566e-01 -5.046990513801574707e-01
9.816428422927856445e-01 4.115237295627593994e-02 -5.430042743682861328e-01 -4.681131839752197266e-01
1.058956265449523926e+00 5.829319357872009277e-02 -5.583382844924926758e-01 -5.000325441360473633e-01
8.931239247322082520e-01 1.369761675596237183e-01 -5.284078121185302734e-01 -4.657381176948547363e-01
1.074196696281433105e+00 5.940984934568405151e-02 -5.572897195816040039e-01 -4.951574802398681641e-01
1.023143529891967773e+00 5.973842740058898926e-02 -5.503528118133544922e-01 -5.299824476242065430e-01
8.548225760459899902e-01 -2.108961343765258789e-02 -4.188734889030456543e-01 -4.867059588432312012e-01
7.740095257759094238e-01 5.755190551280975342e-02 -5.477731823921203613e-01 -3.898670077323913574e-01
9.856740236282348633e-01 -2.221405506134033203e-03 -5.702681541442871094e-01 -4.761965274810791016e-01
9.286946654319763184e-01 2.109221667051315308e-01 -5.143184065818786621e-01 -4.769052267074584961e-01
6.711747050285339355e-01 7.674489170312881470e-02 -5.239943861961364746e-01 -2.799760103225708008e-01
8.480706810951232910e-01 -4.966855049133300781e-02 -4.960032701492309570e-01 -4.634122848510742188e-01
8.328801989555358887e-01 -2.710282802581787109e-03 -4.384480118751525879e-01 -4.965618252754211426e-01
9.317439198493957520e-01 1.286393254995346069e-01 -5.175046920776367188e-01 -4.724158048629760742e-01
8.711208105087280273e-01 -1.764857769012451172e-02 -4.819306731224060059e-01 -4.754402637481689453e-01
9.523391723632812500e-01 1.561201177537441254e-03 -5.092432498931884766e-01 -4.789244532585144043e-01
7.801409363746643066e-01 2.467804355546832085e-03 -5.252176523208618164e-01 -3.515422940254211426e-01
6.681286692619323730e-01 1.593854837119579315e-02 -3.980265259742736816e-01 -5.634309053421020508e-01
9.284855723381042480e-01 1.857136003673076630e-02 -4.399191141128540039e-01 -5.116871595382690430e-01
9.666509628295898438e-01 2.959608659148216248e-02 -4.948194622993469238e-01 -5.067222118377685547e-01
1.054439783096313477e+00 2.631802484393119812e-02 -5.321029424667358398e-01 -5.404270887374877930e-01
7.697058916091918945e-01 -5.555379390716552734e-02 -4.409140944480895996e-01 -4.441297650337219238e-01
7.722320556640625000e-01 2.713341116905212402e-01 -4.542398452758789062e-01 -4.921557307243347168e-01
9.462691545486450195e-01 -8.924067020416259766e-03 -5.355693101882934570e-01 -4.569074511528015137e-01
1.154613256454467773e+00 3.423832729458808899e-02 -5.585064888000488281e-01 -4.973021149635314941e-01
1.083386898040771484e+00 6.954583525657653809e-02 -5.526174306869506836e-01 -5.121473073959350586e-01
8.641169071197509766e-01 2.933080196380615234e-01 -4.549000859260559082e-01 -5.404107570648193359e-01
1.035465240478515625e+00 6.466023623943328857e-02 -5.547556877136230469e-01 -5.081471204757690430e-01
1.007736682891845703e+00 3.937404137104749680e-03 -5.444883108139038086e-01 -4.903041124343872070e-01
8.989558815956115723e-01 2.008084356784820557e-01 -5.014842152595520020e-01 -4.662005305290222168e-01
9.027742147445678711e-01 1.101697329431772232e-03 -4.503068327903747559e-01 -5.043075680732727051e-01
8.427861332893371582e-01 -4.957509040832519531e-02 -5.198799371719360352e-01 -3.849033713340759277e-01
1.120409607887268066e+00 3.296559676527976990e-02 -5.705543756484985352e-01 -5.133776664733886719e-01
8.695161938667297363e-01 1.411238908767700195e-01 -5.320416688919067383e-01 -4.356898665428161621e-01
9.304342269897460938e-01 1.937634497880935669e-01 -5.095332860946655273e-01 -4.692517518997192383e-01
1.068840265274047852e+00 5.807616561651229858e-02 -5.592212080955505371e-01 -5.015904903411865234e-01
6.788583397865295410e-01 -4.078185558319091797e-02 -5.148969888687133789e-01 -2.545202970504760742e-01
9.799931645393371582e-01 1.801345311105251312e-02 -5.252914428710937500e-01 -5.024653077125549316e-01
7.915065884590148926e-01 -7.074368000030517578e-02 -4.926739335060119629e-01 -3.409610986709594727e-01
9.562402963638305664e-01 -2.616649866104125977e-02 -5.812984704971313477e-01 -4.550754427909851074e-01
7.203806042671203613e-01 2.128636837005615234e-02 -5.193786621093750000e-01 -3.774602413177490234e-01
9.257711172103881836e-01 2.384458109736442566e-02 -5.386048555374145508e-01 -5.250161886215209961e-01
7.034412026405334473e-01 1.553402841091156006e-01 -5.112072229385375977e-01 -3.736303448677062988e-01
5.757526159286499023e-01 1.309826374053955078e-01 -4.251133799552917480e-01 -2.049900293350219727e-01
7.386409044265747070e-01 8.731735497713088989e-02 -4.793575406074523926e-01 -4.242689609527587891e-01
9.043135643005371094e-01 4.069909453392028809e-02 -5.312907695770263672e-01 -4.721015691757202148e-01
6.842623949050903320e-01 -5.996412038803100586e-02 -4.517126679420471191e-01 -2.588345408439636230e-01
6.878353953361511230e-01 8.978173881769180298e-02 -4.961129426956176758e-01 -3.030849099159240723e-01
6.468936204910278320e-01 6.415964663028717041e-02 -4.836384654045104980e-01 -1.917569637298583984e-01
8.774706125259399414e-01 1.591647565364837646e-01 -4.750358462333679199e-01 -5.473498106002807617e-01
6.897321343421936035e-01 9.939587116241455078e-02 -4.986982345581054688e-01 -3.405466675758361816e-01
8.694293498992919922e-01 1.602148413658142090e-01 -3.801171779632568359e-01 -5.362347364425659180e-01
8.378804326057434082e-01 2.329391688108444214e-01 -4.515514969825744629e-01 -5.478705167770385742e-01
7.365256547927856445e-01 6.467125564813613892e-02 -5.355761051177978516e-01 -3.830093145370483398e-01
7.118796110153198242e-01 -5.716854333877563477e-02 -4.856790304183959961e-01 -2.930264472961425781e-01
