1.149825811386108398e+00 6.277731657028198242e-01 -3.494821786880493164e-01 -5.717197656631469727e-01
1.275543451309204102e+00 6.079896688461303711e-01 -3.773600459098815918e-01 -5.955086946487426758e-01
1.300891995429992676e+00 5.881321430206298828e-01 -3.845437169075012207e-01 -5.815768241882324219e-01
1.184706091880798340e+00 6.391927599906921387e-01 -3.586624860763549805e-01 -5.838251709938049316e-01
1.266220808029174805e+00 5.648404359817504883e-01 -3.752907514572143555e-01 -6.000289320945739746e-01
1.077423930168151855e+00 6.744946241378784180e-01 -3.412777185440063477e-01 -5.571696758270263672e-01
1.278005123138427734e+00 5.415184497833251953e-01 -3.697487115859985352e-01 -5.802868008613586426e-01
1.156120181083679199e+00 5.928712487220764160e-01 -3.601891994476318359e-01 -5.603786706924438477e-01
1.267692804336547852e+00 5.781588554382324219e-01 -3.792115449905395508e-01 -6.011016368865966797e-01
1.108066082000732422e+00 6.099175810813903809e-01 -3.328083753585815430e-01 -5.680698156356811523e-01
1.222780466079711914e+00 5.983701348304748535e-01 -3.743025064468383789e-01 -5.921897888183593750e-01
1.059010982513427734e+00 5.569899082183837891e-01 -3.171144723892211914e-01 -5.513067245483398438e-01
1.188175678253173828e+00 6.382130384445190430e-01 -3.711810708045959473e-01 -5.840241312980651855e-01
1.054396986961364746e+00 6.874110698699951172e-01 -3.543887734413146973e-01 -5.512275695800781250e-01
1.196867227554321289e+00 5.999160408973693848e-01 -3.666325211524963379e-01 -5.890517234802246094e-01
1.231866836547851562e+00 6.874955296516418457e-01 -3.865302801132202148e-01 -5.962734222412109375e-01
1.063202619552612305e+00 7.769765853881835938e-01 -3.617869615554809570e-01 -5.644376277923583984e-01
1.022082686424255371e+00 5.546085238456726074e-01 -2.997411489486694336e-01 -5.399525761604309082e-01
1.099833846092224121e+00 6.630468368530273438e-01 -3.560352325439453125e-01 -5.474978685379028320e-01
1.262844920158386230e+00 5.878453254699707031e-01 -3.724970817565917969e-01 -6.015573143959045410e-01
9.153360128402709961e-01 7.822662591934204102e-01 -3.293128013610839844e-01 -5.275094509124755859e-01
1.242816209793090820e+00 6.601941585540771484e-01 -3.766666054725646973e-01 -6.096316576004028320e-01
1.165613412857055664e+00 6.523253321647644043e-01 -3.647139072418212891e-01 -5.769319534301757812e-01
1.108497619628906250e+00 6.898527741432189941e-01 -3.630152940750122070e-01 -5.667238235473632812e-01
1.168128967285156250e+00 5.782559514045715332e-01 -3.465177416801452637e-01 -5.860638618469238281e-01
1.136433959007263184e+00 5.826588869094848633e-01 -3.319647312164306641e-01 -5.703018903732299805e-01
9.703364968299865723e-01 4.828228950500488281e-01 -2.771678566932678223e-01 -5.202213525772094727e-01
1.342807769775390625e+00 5.759819149971008301e-01 -3.924187421798706055e-01 -6.013489961624145508e-01
1.062040686607360840e+00 6.269693374633789062e-01 -3.482393026351928711e-01 -5.482094883918762207e-01
1.132428646087646484e+00 5.990375280380249023e-01 -3.409427404403686523e-01 -5.697196722030639648e-01
1.200122475624084473e+00 5.354953408241271973e-01 -3.648161292076110840e-01 -5.565775036811828613e-01
1.208431363105773926e+00 6.544184088706970215e-01 -3.776813149452209473e-01 -5.810563564300537109e-01
1.233511567115783691e+00 6.377072334289550781e-01 -3.769487142562866211e-01 -5.876446962356567383e-01
1.208697199821472168e+00 7.015806436538696289e-01 -3.813680410385131836e-01 -5.920915603637695312e-01
1.217834830284118652e+00 6.712573766708374023e-01 -3.767069578170776367e-01 -5.795680284500122070e-01
1.183833241462707520e+00 6.257456541061401367e-01 -3.502062559127807617e-01 -5.864295959472656250e-01
1.221730232238769531e+00 5.654994249343872070e-01 -3.540663719177246094e-01 -5.936991572380065918e-01
1.081403493881225586e+00 6.949278116226196289e-01 -3.468412756919860840e-01 -5.622559785842895508e-01
1.204360961914062500e+00 6.327791213989257812e-01 -3.754033446311950684e-01 -5.798109769821166992e-01
1.104903936386108398e+00 6.639744639396667480e-01 -3.574159741401672363e-01 -5.631586909294128418e-01
1.124804735183715820e+00 6.362089514732360840e-01 -3.408803939819335938e-01 -5.713671445846557617e-01
1.069694161415100098e+00 4.902986586093902588e-01 -2.952108979225158691e-01 -5.521180629730224609e-01
1.282402157783508301e+00 5.802471637725830078e-01 -3.830808401107788086e-01 -5.762959122657775879e-01
1.256699085235595703e+00 5.576821565628051758e-01 -3.670704960823059082e-01 -5.708138942718505859e-01
1.183539867401123047e+00 6.083506345748901367e-01 -3.601648211479187012e-01 -5.862351655960083008e-01
1.234968423843383789e+00 5.790296792984008789e-01 -3.528703451156616211e-01 -6.017309427261352539e-01
1.098469138145446777e+00 5.093832015991210938e-01 -3.061445951461791992e-01 -5.655114054679870605e-01
1.268802642822265625e+00 6.049251556396484375e-01 -3.816000223159790039e-01 -6.005280017852783203e-01
1.142567396163940430e+00 4.747944176197052002e-01 -3.086812496185302734e-01 -5.668435096740722656e-01
1.250174045562744141e+00 7.169064879417419434e-01 -3.954983353614807129e-01 -6.112638711929321289e-01
1.229676008224487305e+00 7.023814320564270020e-01 -3.841577768325805664e-01 -5.963159799575805664e-01
1.139343380928039551e+00 6.092799305915832520e-01 -3.553881049156188965e-01 -5.742161870002746582e-01
1.279159069061279297e+00 5.942742228507995605e-01 -3.792520761489868164e-01 -6.067453622817993164e-01
1.117513418197631836e+00 6.820892691612243652e-01 -3.521859049797058105e-01 -5.688375830650329590e-01
1.198591470718383789e+00 5.537633895874023438e-01 -3.565482497215270996e-01 -5.787307024002075195e-01
1.279857277870178223e+00 6.140179634094238281e-01 -3.841817975044250488e-01 -6.023557186126708984e-01
1.160870671272277832e+00 7.396513223648071289e-01 -3.775365948677062988e-01 -5.819662213325500488e-01
1.133970260620117188e+00 6.728901267051696777e-01 -3.513378500938415527e-01 -5.768350362777709961e-01
1.166191935539245605e+00 7.049742937088012695e-01 -3.748290538787841797e-01 -5.815441608428955078e-01
1.262695193290710449e+00 5.850105881690979004e-01 -3.692278861999511719e-01 -5.931837558746337891e-01
1.242202520370483398e+00 6.266325116157531738e-01 -3.739773631095886230e-01 -5.952212810516357422e-01
1.106539249420166016e+00 6.249858140945434570e-01 -3.402618765830993652e-01 -5.587737560272216797e-01
1.159074425697326660e+00 5.720046758651733398e-01 -3.490051627159118652e-01 -5.597019195556640625e-01
1.209294795989990234e+00 6.396048665046691895e-01 -3.722367286682128906e-01 -5.840928554534912109e-01
1.033200860023498535e+00 6.169599890708923340e-01 -3.166235685348510742e-01 -5.466969013214111328e-01
1.108116984367370605e+00 5.489026904106140137e-01 -3.362271785736083984e-01 -5.676735639572143555e-01
1.180236697196960449e+00 5.404609441757202148e-01 -3.417113423347473145e-01 -5.773504376411437988e-01
1.198317408561706543e+00 6.006686687469482422e-01 -3.568599820137023926e-01 -5.701329112052917480e-01
1.194157242774963379e+00 6.440230011940002441e-01 -3.646061420440673828e-01 -5.745447874069213867e-01
1.110843539237976074e+00 6.481351852416992188e-01 -3.544389605522155762e-01 -5.569941997528076172e-01
1.221122741699218750e+00 5.373494029045104980e-01 -3.412927389144897461e-01 -5.983967185020446777e-01
1.026336908340454102e+00 5.645767450332641602e-01 -3.234435319900512695e-01 -5.363531112670898438e-01
1.161602258682250977e+00 6.605433225631713867e-01 -3.586875200271606445e-01 -5.813117027282714844e-01
1.113176584243774414e+00 6.093690395355224609e-01 -3.378909826278686523e-01 -5.669764280319213867e-01
1.311786770820617676e+00 5.928600430488586426e-01 -3.919858336448669434e-01 -5.813562870025634766e-01
1.207615494728088379e+00 5.337696671485900879e-01 -3.568483591079711914e-01 -5.715379714965820312e-01
1.203372597694396973e+00 6.137245297431945801e-01 -3.624897599220275879e-01 -5.847628116607666016e-01
1.285733342170715332e+00 5.762637853622436523e-01 -3.719851970672607422e-01 -5.859934687614440918e-01
1.223470211029052734e+00 5.267793536186218262e-01 -3.519048690795898438e-01 -5.789738893508911133e-01
1.190876483917236328e+00 6.039754152297973633e-01 -3.661597967147827148e-01 -5.840795040130615234e-01
1.157699346542358398e+00 6.659960150718688965e-01 -3.558447957038879395e-01 -5.841062664985656738e-01
1.083960890769958496e+00 5.659114718437194824e-01 -3.434287309646606445e-01 -5.529422760009765625e-01
1.174808740615844727e+00 5.556846261024475098e-01 -3.484158515930175781e-01 -5.769171118736267090e-01
1.226372241973876953e+00 5.988777279853820801e-01 -3.564503192901611328e-01 -6.048189997673034668e-01
1.153676748275756836e+00 6.501525044441223145e-01 -3.580566048622131348e-01 -5.745916366577148438e-01
1.188456058502197266e+00 6.966153383255004883e-01 -3.749576807022094727e-01 -5.845504999160766602e-01
1.034546017646789551e+00 6.326364278793334961e-01 -3.266363143920898438e-01 -5.429286956787109375e-01
1.038871765136718750e+00 5.454759597778320312e-01 -3.127012252807617188e-01 -5.266386270523071289e-01
1.339741468429565430e+00 5.360032320022583008e-01 -3.854334950447082520e-01 -5.760155916213989258e-01
1.083463311195373535e+00 7.007955312728881836e-01 -3.555158376693725586e-01 -5.566118955612182617e-01
1.143128395080566406e+00 6.107370257377624512e-01 -3.442570567131042480e-01 -5.709539651870727539e-01
1.121540784835815430e+00 6.347885131835937500e-01 -3.594811558723449707e-01 -5.624991655349731445e-01
1.143904447555541992e+00 8.072982430458068848e-01 -3.852522373199462891e-01 -6.008040904998779297e-01
1.016892671585083008e+00 7.085083723068237305e-01 -3.362190127372741699e-01 -5.415550470352172852e-01
1.162158966064453125e+00 6.775438785552978516e-01 -3.663933873176574707e-01 -5.747842788696289062e-01
1.132924675941467285e+00 5.801944732666015625e-01 -3.425854444503784180e-01 -5.622317790985107422e-01
1.228842258453369141e+00 5.383842587471008301e-01 -3.537635803222656250e-01 -5.640082359313964844e-01
1.265512466430664062e+00 5.789035558700561523e-01 -3.742182254791259766e-01 -6.017369031906127930e-01
1.236111998558044434e+00 6.887171268463134766e-01 -3.862051963806152344e-01 -5.965728163719177246e-01
1.099683523178100586e+00 6.779966354370117188e-01 -3.563190698623657227e-01 -5.525091886520385742e-01
1.204396367073059082e+00 5.716028213500976562e-01 -3.437069058418273926e-01 -5.937256813049316406e-01
1.239904880523681641e+00 5.442981123924255371e-01 -3.647530674934387207e-01 -5.927538871765136719e-01
9.865960478782653809e-01 4.888522028923034668e-01 -2.805714011192321777e-01 -5.216647386550903320e-01
1.272805452346801758e+00 4.755380153656005859e-01 -3.718878030776977539e-01 -5.495025515556335449e-01
1.001801609992980957e+00 5.714123249053955078e-01 -3.009544610977172852e-01 -5.367254018783569336e-01
1.075793504714965820e+00 6.983101367950439453e-01 -3.573948144912719727e-01 -5.571957826614379883e-01
1.148391008377075195e+00 7.108435630798339844e-01 -3.676612973213195801e-01 -5.783997774124145508e-01
9.146355986595153809e-01 7.621576786041259766e-01 -3.341199755668640137e-01 -5.300126075744628906e-01
1.163048386573791504e+00 7.780869007110595703e-01 -3.814584016799926758e-01 -5.976855158805847168e-01
1.161426901817321777e+00 6.719951629638671875e-01 -3.573689460754394531e-01 -5.738080739974975586e-01
1.274307727813720703e+00 5.486007928848266602e-01 -3.825613260269165039e-01 -5.530998110771179199e-01
1.239767193794250488e+00 6.582401394844055176e-01 -3.705150485038757324e-01 -6.026973724365234375e-01
1.118785023689270020e+00 6.333347558975219727e-01 -3.380227088928222656e-01 -5.659705400466918945e-01
1.051025152206420898e+00 5.955645442008972168e-01 -3.361999392509460449e-01 -5.429172515869140625e-01
1.004614353179931641e+00 5.631769895553588867e-01 -3.133246898651123047e-01 -5.346776247024536133e-01
1.145118474960327148e+00 6.859203577041625977e-01 -3.614551424980163574e-01 -5.753412246704101562e-01
1.116909861564636230e+00 6.766627430915832520e-01 -3.595085144042968750e-01 -5.602612495422363281e-01
1.101784229278564453e+00 5.965529680252075195e-01 -3.419861793518066406e-01 -5.565120577812194824e-01
1.098769426345825195e+00 5.817192792892456055e-01 -3.197460770606994629e-01 -5.663892030715942383e-01
1.146351695060729980e+00 6.469712853431701660e-01 -3.448508977890014648e-01 -5.807238221168518066e-01
1.060163378715515137e+00 2.878223955631256104e-01 -3.179703950881958008e-01 -4.893167018890380859e-01
8.470072150230407715e-01 5.718651413917541504e-02 -2.703306078910827637e-01 -3.894746899604797363e-01
1.002928853034973145e+00 5.540124177932739258e-01 -3.039263486862182617e-01 -5.279195904731750488e-01
1.182543992996215820e+00 5.770562291145324707e-01 -3.367457985877990723e-01 -5.905665159225463867e-01
1.150754332542419434e+00 6.436175704002380371e-01 -3.594813346862792969e-01 -5.713680386543273926e-01
9.754800796508789062e-01 6.892852187156677246e-01 -3.378395438194274902e-01 -5.387889146804809570e-01
1.223198533058166504e+00 6.023538708686828613e-01 -3.515620231628417969e-01 -6.030836105346679688e-01
1.100900769233703613e+00 5.384374856948852539e-01 -3.247176408767700195e-01 -5.614229440689086914e-01
1.113884449005126953e+00 5.400220155715942383e-01 -3.264621496200561523e-01 -5.602235794067382812e-01
1.102221846580505371e+00 5.933586359024047852e-01 -3.286576867103576660e-01 -5.626990199089050293e-01
9.922918677330017090e-01 4.834156334400177002e-01 -2.807220220565795898e-01 -5.298624038696289062e-01
1.099011182785034180e+00 6.347746253013610840e-01 -3.337623476982116699e-01 -5.661419034004211426e-01
1.145857214927673340e+00 6.517683267593383789e-01 -3.597933053970336914e-01 -5.614362359046936035e-01
1.226460695266723633e+00 6.045472025871276855e-01 -3.616289496421813965e-01 -5.918949842453002930e-01
1.158065199851989746e+00 6.448385119438171387e-01 -3.565206527709960938e-01 -5.813099741935729980e-01
1.180409669876098633e+00 7.619708180427551270e-01 -3.850246071815490723e-01 -6.002193689346313477e-01
1.101168036460876465e+00 5.687778592109680176e-01 -3.256673216819763184e-01 -5.682630538940429688e-01
1.060438275337219238e+00 6.183211803436279297e-01 -3.316681981086730957e-01 -5.479660034179687500e-01
1.157828927040100098e+00 5.961391329765319824e-01 -3.536379933357238770e-01 -5.757907629013061523e-01
1.031013011932373047e+00 5.487405657768249512e-01 -3.082221746444702148e-01 -5.439182519912719727e-01
1.153742313385009766e+00 6.490868330001831055e-01 -3.625664710998535156e-01 -5.624742507934570312e-01
1.204753875732421875e+00 7.017344236373901367e-01 -3.813753724098205566e-01 -5.885374546051025391e-01
9.941176176071166992e-01 5.910980701446533203e-01 -3.103184700012207031e-01 -5.316592454910278320e-01
1.236886262893676758e+00 6.204856038093566895e-01 -3.713284730911254883e-01 -5.889663696289062500e-01
1.129892110824584961e+00 6.940503120422363281e-01 -3.652575612068176270e-01 -5.676470398902893066e-01
1.029161095619201660e+00 6.655946969985961914e-01 -3.386555910110473633e-01 -5.405930280685424805e-01
1.052494049072265625e+00 4.853551685810089111e-01 -3.004134297370910645e-01 -5.268126726150512695e-01
1.123510360717773438e+00 6.524301767349243164e-01 -3.442449569702148438e-01 -5.715407729148864746e-01
1.102177023887634277e+00 6.179302334785461426e-01 -3.361687660217285156e-01 -5.673208236694335938e-01
1.137432694435119629e+00 5.986973643302917480e-01 -3.501299619674682617e-01 -5.699365139007568359e-01
1.110886454582214355e+00 7.029280662536621094e-01 -3.572185039520263672e-01 -5.716007351875305176e-01
1.203748226165771484e+00 6.961930394172668457e-01 -3.790144920349121094e-01 -5.862984657287597656e-01
1.159568071365356445e+00 6.729415655136108398e-01 -3.634467124938964844e-01 -5.776966810226440430e-01
4.705075025558471680e-01 2.958942651748657227e-01 -1.585633158683776855e-01 -3.303440213203430176e-01
7.994301319122314453e-01 4.865061938762664795e-01 -2.631270885467529297e-01 -4.658409953117370605e-01
1.156596422195434570e+00 6.273039579391479492e-01 -3.520745635032653809e-01 -5.658244490623474121e-01
9.287103414535522461e-01 5.757181644439697266e-01 -3.237422704696655273e-01 -5.175629258155822754e-01
1.035145401954650879e+00 6.164652705192565918e-01 -3.570025563240051270e-01 -5.564303398132324219e-01
1.173525929450988770e+00 6.306142807006835938e-01 -3.660328984260559082e-01 -5.694502592086791992e-01
1.193429470062255859e+00 4.428063333034515381e-01 -3.491919636726379395e-01 -5.519599914550781250e-01
1.111851334571838379e+00 5.973796248435974121e-01 -3.559786677360534668e-01 -5.566198229789733887e-01
1.139189481735229492e+00 5.858336687088012695e-01 -3.484621047973632812e-01 -5.728088617324829102e-01
1.050464868545532227e+00 5.760954618453979492e-01 -3.162012100219726562e-01 -5.530542731285095215e-01
1.032507658004760742e+00 5.968977212905883789e-01 -3.245988488197326660e-01 -5.417225360870361328e-01
7.234441637992858887e-01 3.793399930000305176e-01 -2.352527379989624023e-01 -4.201577901840209961e-01
5.269580483436584473e-01 2.499475628137588501e-01 -1.729393005371093750e-01 -3.245891332626342773e-01
1.098570108413696289e+00 6.066896319389343262e-01 -3.410934209823608398e-01 -5.545523166656494141e-01
1.102736115455627441e+00 6.278077363967895508e-01 -3.479158878326416016e-01 -5.591948032379150391e-01
1.171083450317382812e+00 5.297920107841491699e-01 -3.257698416709899902e-01 -5.821766853332519531e-01
1.054457068443298340e+00 5.055928826332092285e-01 -3.158579468727111816e-01 -5.423216819763183594e-01
1.229414343833923340e+00 5.746624469757080078e-01 -3.672819733619689941e-01 -5.594692826271057129e-01
9.706414937973022461e-01 4.909110367298126221e-01 -2.836436629295349121e-01 -5.189273953437805176e-01
1.068299889564514160e+00 5.972212553024291992e-01 -3.202303647994995117e-01 -5.532530546188354492e-01
1.160847663879394531e+00 6.420855522155761719e-01 -3.719410896301269531e-01 -5.757362842559814453e-01
1.082476019859313965e+00 7.539156079292297363e-01 -3.657622933387756348e-01 -5.649112462997436523e-01
1.130902767181396484e+00 7.500907778739929199e-01 -3.687897920608520508e-01 -5.747197270393371582e-01
1.020783782005310059e+00 7.562901973724365234e-01 -3.589828610420227051e-01 -5.572114586830139160e-01
1.110489606857299805e+00 5.921487808227539062e-01 -3.360259532928466797e-01 -5.622777938842773438e-01
1.035683155059814453e+00 4.757885932922363281e-01 -2.901480793952941895e-01 -5.440908074378967285e-01
1.336529970169067383e+00 5.096600651741027832e-01 -3.791670799255371094e-01 -5.758404135704040527e-01
1.301581382751464844e+00 5.566317439079284668e-01 -3.746548295021057129e-01 -5.757144689559936523e-01
1.128697276115417480e+00 6.283048391342163086e-01 -3.467487692832946777e-01 -5.637117624282836914e-01
1.051066160202026367e+00 5.726743340492248535e-01 -3.260537385940551758e-01 -5.481390953063964844e-01
9.171770811080932617e-01 4.770134389400482178e-01 -2.811688184738159180e-01 -5.012884140014648438e-01
1.008831024169921875e+00 5.558890104293823242e-01 -3.165857791900634766e-01 -5.310225486755371094e-01
1.106850028038024902e+00 6.318500041961669922e-01 -3.376506567001342773e-01 -5.670464038848876953e-01
1.065345287322998047e+00 4.754767417907714844e-01 -2.962259650230407715e-01 -5.339448451995849609e-01
1.104793429374694824e+00 6.141844987869262695e-01 -3.383283019065856934e-01 -5.672879219055175781e-01
1.008080720901489258e+00 7.905261516571044922e-01 -3.610007762908935547e-01 -5.559275746345520020e-01
1.115356206893920898e+00 6.856863498687744141e-01 -3.554257750511169434e-01 -5.632408261299133301e-01
1.048144817352294922e+00 6.350872516632080078e-01 -3.453499674797058105e-01 -5.410883426666259766e-01
1.107610344886779785e+00 5.383551716804504395e-01 -3.293064236640930176e-01 -5.552635192871093750e-01
1.168922424316406250e+00 6.036573052406311035e-01 -3.561264872550964355e-01 -5.759385228157043457e-01
1.045396804809570312e+00 6.710700988769531250e-01 -3.490238785743713379e-01 -5.462907552719116211e-01
1.101278305053710938e+00 5.476830601692199707e-01 -3.324378728866577148e-01 -5.514507293701171875e-01
1.014979243278503418e+00 5.226061344146728516e-01 -2.947394251823425293e-01 -5.332235097885131836e-01
1.184044361114501953e+00 6.035642027854919434e-01 -3.550027608871459961e-01 -5.852130651473999023e-01
1.100543260574340820e+00 5.753875374794006348e-01 -3.335930705070495605e-01 -5.588458776473999023e-01
1.080070734024047852e+00 6.172382831573486328e-01 -3.388795852661132812e-01 -5.467172265052795410e-01
1.084779977798461914e+00 6.351622939109802246e-01 -3.356729745864868164e-01 -5.495989322662353516e-01
1.079996109008789062e+00 5.768387913703918457e-01 -3.354368805885314941e-01 -5.572058558464050293e-01
1.153725862503051758e+00 7.270467281341552734e-01 -3.740597367286682129e-01 -5.699171423912048340e-01
1.030858039855957031e+00 6.322925686836242676e-01 -3.316921591758728027e-01 -5.413849353790283203e-01
1.084363102912902832e+00 7.206034660339355469e-01 -3.463424444198608398e-01 -5.648078322410583496e-01
1.173317790031433105e+00 7.405399084091186523e-01 -3.822792172431945801e-01 -5.836231708526611328e-01
1.141028404235839844e+00 6.660929322242736816e-01 -3.639683127403259277e-01 -5.614915490150451660e-01
9.818377494812011719e-01 7.344197630882263184e-01 -3.320017457008361816e-01 -5.428647994995117188e-01
1.170728921890258789e+00 5.298562049865722656e-01 -3.342107534408569336e-01 -5.827198624610900879e-01
1.072946310043334961e+00 6.704872250556945801e-01 -3.482780456542968750e-01 -5.547124147415161133e-01
1.158874034881591797e+00 6.797192096710205078e-01 -3.634421229362487793e-01 -5.782957077026367188e-01
9.137467145919799805e-01 7.590124011039733887e-01 -3.325540423393249512e-01 -5.300520658493041992e-01
9.875872135162353516e-01 5.598681569099426270e-01 -2.914210557937622070e-01 -5.321774482727050781e-01
1.038398146629333496e+00 5.850147008895874023e-01 -3.231684565544128418e-01 -5.392554998397827148e-01
1.137362122535705566e+00 4.767654836177825928e-01 -3.379836082458496094e-01 -5.408769845962524414e-01
1.090750217437744141e+00 6.252421736717224121e-01 -3.464338779449462891e-01 -5.568541288375854492e-01
4.337941706180572510e-01 2.624405026435852051e-01 -1.453909873962402344e-01 -3.079882860183715820e-01
1.218631267547607422e+00 6.551005244255065918e-01 -3.805777430534362793e-01 -5.740436315536499023e-01
1.130226492881774902e+00 6.587550640106201172e-01 -3.605030179023742676e-01 -5.601129531860351562e-01
1.059509873390197754e+00 4.872513711452484131e-01 -2.937647700309753418e-01 -5.426145792007446289e-01
1.181922793388366699e+00 5.414496064186096191e-01 -3.658858537673950195e-01 -5.727103352546691895e-01
1.050357341766357422e+00 7.142950296401977539e-01 -3.543967604637145996e-01 -5.533335208892822266e-01
1.169300198554992676e+00 7.137975096702575684e-01 -3.670464158058166504e-01 -5.805203318595886230e-01
9.963067770004272461e-01 6.125775575637817383e-01 -3.212337493896484375e-01 -5.379200577735900879e-01
1.119784593582153320e+00 7.285036444664001465e-01 -3.643594384193420410e-01 -5.690618753433227539e-01
1.024505376815795898e+00 5.989196896553039551e-01 -3.237522840499877930e-01 -5.437980890274047852e-01
1.030770778656005859e+00 5.401430130004882812e-01 -3.047608137130737305e-01 -5.292806625366210938e-01
1.063354969024658203e+00 5.742489099502563477e-01 -3.285609483718872070e-01 -5.502695441246032715e-01
1.082528471946716309e+00 6.494461297988891602e-01 -3.368923068046569824e-01 -5.569021701812744141e-01
1.086760997772216797e+00 5.835427045822143555e-01 -3.254253268241882324e-01 -5.558857321739196777e-01
1.361993074417114258e+00 4.883844852447509766e-01 -3.868821263313293457e-01 -5.742845535278320312e-01
1.103578686714172363e+00 6.100789308547973633e-01 -3.482049107551574707e-01 -5.569411516189575195e-01
1.107991576194763184e+00 6.149737238883972168e-01 -3.402422666549682617e-01 -5.555806756019592285e-01
9.929077029228210449e-01 5.783343911170959473e-01 -2.999916672706604004e-01 -5.370464324951171875e-01
1.110100746154785156e+00 6.147967576980590820e-01 -3.418105840682983398e-01 -5.649414062500000000e-01
1.134140849113464355e+00 6.372842788696289062e-01 -3.571690320968627930e-01 -5.650688409805297852e-01
1.110696315765380859e+00 6.336145997047424316e-01 -3.456905484199523926e-01 -5.600399971008300781e-01
9.806737899780273438e-01 5.566728115081787109e-01 -2.929446101188659668e-01 -5.407849550247192383e-01
1.095611929893493652e+00 3.875980973243713379e-01 -3.181805610656738281e-01 -4.867892861366271973e-01
9.811663627624511719e-01 6.006487607955932617e-01 -3.252792358398437500e-01 -5.051134228706359863e-01
1.056169509887695312e+00 7.658412456512451172e-01 -3.603397011756896973e-01 -5.606499910354614258e-01
1.184292316436767578e+00 4.634238481521606445e-01 -3.439797163009643555e-01 -5.558521747589111328e-01
1.059034585952758789e+00 6.095321774482727051e-01 -3.239288926124572754e-01 -5.546982288360595703e-01
9.466671347618103027e-01 6.485406160354614258e-01 -3.446011543273925781e-01 -5.286325216293334961e-01
4.608824849128723145e-01 2.131434381008148193e-01 -1.539562940597534180e-01 -2.917498350143432617e-01
1.355931878089904785e+00 5.299874544143676758e-01 -3.905546665191650391e-01 -5.840944647789001465e-01
6.639330983161926270e-01 3.844164013862609863e-01 -2.105028629302978516e-01 -4.184337258338928223e-01
9.747078418731689453e-01 5.797975063323974609e-01 -3.475565314292907715e-01 -5.288093090057373047e-01
1.128283262252807617e+00 5.287389159202575684e-01 -3.221813440322875977e-01 -5.606247186660766602e-01
1.119479775428771973e+00 5.545647740364074707e-01 -3.421551585197448730e-01 -5.642887353897094727e-01
1.125846982002258301e+00 5.325865745544433594e-01 -3.358645439147949219e-01 -5.581309795379638672e-01
1.071237564086914062e+00 5.653363466262817383e-01 -3.141127228736877441e-01 -5.500520467758178711e-01
1.076392292976379395e+00 6.358355283737182617e-01 -3.405786156654357910e-01 -5.469838380813598633e-01
1.069362163543701172e+00 5.265532732009887695e-01 -3.095455169677734375e-01 -5.500532388687133789e-01
9.858643412590026855e-01 5.154912471771240234e-01 -2.905408143997192383e-01 -5.256234407424926758e-01
1.159029841423034668e+00 7.510077357292175293e-01 -3.729642629623413086e-01 -5.843267440795898438e-01
1.187121391296386719e+00 4.694932997226715088e-01 -3.653133511543273926e-01 -5.298572182655334473e-01
1.107700824737548828e+00 7.269927263259887695e-01 -3.564131855964660645e-01 -5.701531171798706055e-01
9.979946613311767578e-01 5.739538669586181641e-01 -3.080987334251403809e-01 -5.355600118637084961e-01
1.106089115142822266e+00 5.958456397056579590e-01 -3.339934349060058594e-01 -5.566103458404541016e-01
8.999963998794555664e-01 7.238544821739196777e-01 -3.263878822326660156e-01 -5.238976478576660156e-01
1.182960629463195801e+00 5.457610487937927246e-01 -3.477321267127990723e-01 -5.694930553436279297e-01
1.014373898506164551e+00 5.868738293647766113e-01 -3.249077200889587402e-01 -5.349669456481933594e-01
1.153163194656372070e+00 6.356903910636901855e-01 -3.607063293457031250e-01 -5.687437653541564941e-01
9.093388319015502930e-01 7.518588900566101074e-01 -3.305200338363647461e-01 -5.266064405441284180e-01
1.072230339050292969e+00 6.869840025901794434e-01 -3.422272801399230957e-01 -5.532005429267883301e-01
5.614682435989379883e-01 2.463276237249374390e-01 -1.786446571350097656e-01 -3.442555665969848633e-01
1.174258947372436523e+00 6.205917596817016602e-01 -3.560542464256286621e-01 -5.790020227432250977e-01
1.155778288841247559e+00 6.815407276153564453e-01 -3.656325340270996094e-01 -5.734379887580871582e-01
9.107908606529235840e-01 7.574261426925659180e-01 -3.327301740646362305e-01 -5.267909169197082520e-01
9.031498432159423828e-01 7.314906716346740723e-01 -3.287527561187744141e-01 -5.248603820800781250e-01
1.112192153930664062e+00 7.632768750190734863e-01 -3.745656609535217285e-01 -5.681670308113098145e-01
1.172238349914550781e+00 5.919834375381469727e-01 -3.524329662322998047e-01 -5.644056797027587891e-01
1.194046497344970703e+00 5.306105017662048340e-01 -3.490848541259765625e-01 -5.512481927871704102e-01
1.087483406066894531e+00 5.463899374008178711e-01 -3.273053169250488281e-01 -5.537779331207275391e-01
8.162982463836669922e-01 6.967993974685668945e-01 -2.921897172927856445e-01 -4.890929460525512695e-01
1.159527897834777832e+00 6.994454860687255859e-01 -3.587287068367004395e-01 -5.829960107803344727e-01
1.181552410125732422e+00 6.715635061264038086e-01 -3.662385344505310059e-01 -5.705745220184326172e-01
1.085189700126647949e+00 6.596996784210205078e-01 -3.445564508438110352e-01 -5.577623844146728516e-01
1.169443249702453613e+00 6.825667619705200195e-01 -3.689804673194885254e-01 -5.686428546905517578e-01
1.087954163551330566e+00 6.182975172996520996e-01 -3.487732410430908203e-01 -5.585672855377197266e-01
1.041177034378051758e+00 5.963822007179260254e-01 -3.330157399177551270e-01 -5.419518947601318359e-01
1.097860336303710938e+00 6.509240269660949707e-01 -3.525555729866027832e-01 -5.625822544097900391e-01
1.068798065185546875e+00 6.509408354759216309e-01 -3.422008752822875977e-01 -5.530825257301330566e-01
7.579362392425537109e-01 6.870466470718383789e-01 -2.794102430343627930e-01 -4.745628237724304199e-01
1.090140700340270996e+00 7.819166183471679688e-01 -3.684968948364257812e-01 -5.613090991973876953e-01
1.006891131401062012e+00 4.974021613597869873e-01 -2.894131541252136230e-01 -5.299268960952758789e-01
1.057314872741699219e+00 4.571268558502197266e-01 -2.925207018852233887e-01 -5.324388742446899414e-01
1.006696939468383789e+00 5.663883090019226074e-01 -3.190653920173645020e-01 -5.417866110801696777e-01
1.237854719161987305e+00 6.546100378036499023e-01 -3.820743560791015625e-01 -5.866474509239196777e-01
1.084777355194091797e+00 6.132440567016601562e-01 -3.283667564392089844e-01 -5.652557611465454102e-01
1.374489784240722656e+00 6.443130373954772949e-01 -4.029222130775451660e-01 -6.095468997955322266e-01
1.115761160850524902e+00 5.096321105957031250e-01 -3.635649085044860840e-01 -5.500501394271850586e-01
9.560091495513916016e-01 7.321518063545227051e-01 -3.367605805397033691e-01 -5.492399930953979492e-01
9.322381615638732910e-01 6.359370946884155273e-01 -3.366403579711914062e-01 -5.197429060935974121e-01
1.134257674217224121e+00 6.038656830787658691e-01 -3.554596900939941406e-01 -5.659129619598388672e-01
1.123133063316345215e+00 5.934022665023803711e-01 -3.371995091438293457e-01 -5.672654509544372559e-01
9.093654155731201172e-01 5.109500288963317871e-01 -3.244498372077941895e-01 -5.092233419418334961e-01
9.030432105064392090e-01 4.777582883834838867e-01 -2.567196488380432129e-01 -4.812327027320861816e-01
7.908173203468322754e-01 5.431424379348754883e-01 -2.418835163116455078e-01 -4.437766671180725098e-01
1.217442989349365234e+00 5.272474288940429688e-01 -3.712574839591979980e-01 -5.738865137100219727e-01
1.147212743759155273e+00 6.951894164085388184e-01 -4.039346575736999512e-01 -6.073632240295410156e-01
1.045249223709106445e+00 6.136196851730346680e-01 -3.220245242118835449e-01 -5.405880808830261230e-01
1.104451417922973633e+00 6.049175262451171875e-01 -3.431692123413085938e-01 -5.456600189208984375e-01
9.302142858505249023e-01 7.795082926750183105e-01 -3.340897560119628906e-01 -5.313667654991149902e-01
9.127234816551208496e-01 7.531004548072814941e-01 -3.303757905960083008e-01 -5.271558165550231934e-01
1.013145565986633301e+00 5.755888819694519043e-01 -3.109820485115051270e-01 -5.329662561416625977e-01
1.070785999298095703e+00 4.750563502311706543e-01 -2.968107461929321289e-01 -5.340172052383422852e-01
9.026788473129272461e-01 7.184536457061767578e-01 -3.274562358856201172e-01 -5.249429345130920410e-01
1.185718894004821777e+00 5.803970098495483398e-01 -3.596526980400085449e-01 -5.683630704879760742e-01
8.994882106781005859e-01 7.272837758064270020e-01 -3.249378800392150879e-01 -5.248599052429199219e-01
1.020537137985229492e+00 6.528922319412231445e-01 -3.383659720420837402e-01 -5.468583106994628906e-01
1.093219280242919922e+00 6.017054915428161621e-01 -3.412403464317321777e-01 -5.490858554840087891e-01
1.050600171089172363e+00 6.269785761833190918e-01 -3.287971615791320801e-01 -5.458110570907592773e-01
8.804464340209960938e-01 4.484423398971557617e-01 -2.715109586715698242e-01 -4.718674421310424805e-01
4.608975946903228760e-01 2.131544351577758789e-01 -1.539614796638488770e-01 -2.917584180831909180e-01
4.604881703853607178e-01 1.635134220123291016e-01 -1.533075571060180664e-01 -2.790614962577819824e-01
1.005176663398742676e+00 6.040476560592651367e-01 -3.121826052665710449e-01 -5.338143110275268555e-01
1.071004152297973633e+00 7.418007850646972656e-01 -3.679241538047790527e-01 -5.580025911331176758e-01
7.650315761566162109e-01 6.908580064773559570e-01 -2.828565835952758789e-01 -4.750250577926635742e-01
9.525917768478393555e-01 4.709572792053222656e-01 -2.820023298263549805e-01 -5.105162858963012695e-01
1.030338406562805176e+00 5.793071389198303223e-01 -3.126047253608703613e-01 -5.391867160797119141e-01
1.121125698089599609e+00 5.131325721740722656e-01 -3.752969503402709961e-01 -5.469564199447631836e-01
6.599337458610534668e-01 3.211491107940673828e-01 -2.128740549087524414e-01 -3.956797719001770020e-01
9.707579612731933594e-01 1.742601990699768066e-01 -3.042477369308471680e-01 -4.458020329475402832e-01
1.220737934112548828e+00 5.290047526359558105e-01 -3.592465519905090332e-01 -5.552240014076232910e-01
1.123003482818603516e+00 6.173664331436157227e-01 -3.655249476432800293e-01 -5.605509281158447266e-01
9.944414496421813965e-01 7.018879652023315430e-01 -3.473666906356811523e-01 -5.527989864349365234e-01
1.056250929832458496e+00 2.670663893222808838e-01 -2.860388755798339844e-01 -5.023823380470275879e-01
1.091578841209411621e+00 7.070023417472839355e-01 -3.554708957672119141e-01 -5.639828443527221680e-01
9.786890745162963867e-01 6.854410171508789062e-01 -3.528085350990295410e-01 -5.400948524475097656e-01
1.021960139274597168e+00 6.165331602096557617e-01 -3.202854394912719727e-01 -5.467453598976135254e-01
1.057678222656250000e+00 6.225546598434448242e-01 -3.427826166152954102e-01 -5.381315350532531738e-01
1.174406886100769043e+00 5.380319356918334961e-01 -3.454595208168029785e-01 -5.590326786041259766e-01
9.698625206947326660e-01 6.006036400794982910e-01 -3.291978836059570312e-01 -5.287888050079345703e-01
9.084784984588623047e-01 7.488308548927307129e-01 -3.306516408920288086e-01 -5.246297121047973633e-01
1.116217017173767090e+00 7.132018804550170898e-01 -3.597956299781799316e-01 -5.685887336730957031e-01
1.235278129577636719e+00 5.617542266845703125e-01 -3.779729604721069336e-01 -5.565854310989379883e-01
1.090336322784423828e+00 6.305071115493774414e-01 -3.472350239753723145e-01 -5.590799450874328613e-01
1.110564470291137695e+00 6.980125904083251953e-01 -3.917220830917358398e-01 -5.882351398468017578e-01
1.208375453948974609e+00 4.826554059982299805e-01 -3.498986363410949707e-01 -5.482957363128662109e-01
1.089692354202270508e+00 6.573448181152343750e-01 -3.497717976570129395e-01 -5.576621294021606445e-01
5.449168086051940918e-01 4.532252252101898193e-01 -2.204292416572570801e-01 -3.571302294731140137e-01
6.562474966049194336e-01 6.179244518280029297e-01 -2.540753483772277832e-01 -4.195576906204223633e-01
1.035099744796752930e+00 6.393288373947143555e-01 -3.231319785118103027e-01 -5.476990938186645508e-01
1.043057560920715332e+00 5.054814815521240234e-01 -3.073022365570068359e-01 -5.264334678649902344e-01
7.734724283218383789e-01 5.074404478073120117e-01 -2.984665036201477051e-01 -4.468996524810791016e-01
9.343155622482299805e-01 6.454375982284545898e-01 -3.349412083625793457e-01 -5.192723274230957031e-01
1.002483725547790527e+00 5.031085014343261719e-01 -3.037138581275939941e-01 -5.148624181747436523e-01
9.140313863754272461e-01 7.528676390647888184e-01 -3.311679959297180176e-01 -5.278007984161376953e-01
1.105089664459228516e+00 6.269863843917846680e-01 -3.580977320671081543e-01 -5.433992147445678711e-01
1.144425988197326660e+00 7.688798904418945312e-01 -3.719203472137451172e-01 -5.745486021041870117e-01
5.945703983306884766e-01 3.117145001888275146e-01 -1.971852183341979980e-01 -3.674156665802001953e-01
1.393740415573120117e+00 5.370596647262573242e-01 -3.964126706123352051e-01 -5.875791311264038086e-01
1.129096746444702148e+00 5.182511210441589355e-01 -3.788512349128723145e-01 -5.540797710418701172e-01
1.111256480216979980e+00 4.728538393974304199e-01 -3.198015093803405762e-01 -5.362948179244995117e-01
1.142826914787292480e+00 7.067339420318603516e-01 -3.981966376304626465e-01 -6.057726144790649414e-01
1.040995717048645020e+00 4.888392686843872070e-01 -2.920330166816711426e-01 -5.341295003890991211e-01
1.075372219085693359e+00 2.169585078954696655e-01 -3.040837049484252930e-01 -4.793578982353210449e-01
1.048750877380371094e+00 7.433716058731079102e-01 -3.708084225654602051e-01 -5.684224367141723633e-01
1.042462229728698730e+00 7.663357257843017578e-01 -3.523794412612915039e-01 -5.517395734786987305e-01
1.138186335563659668e+00 7.494958639144897461e-01 -3.677514791488647461e-01 -5.734723806381225586e-01
3.451004028320312500e-01 1.532544195652008057e-01 -1.211808323860168457e-01 -2.296293973922729492e-01
1.040180444717407227e+00 4.808958470821380615e-01 -3.148260116577148438e-01 -5.188128948211669922e-01
1.144858479499816895e+00 6.382384896278381348e-01 -3.612506389617919922e-01 -5.633211135864257812e-01
4.889112710952758789e-01 2.868964076042175293e-01 -1.613906025886535645e-01 -3.403474688529968262e-01
1.273427724838256836e+00 3.784693181514739990e-01 -3.442485928535461426e-01 -5.665849447250366211e-01
9.371073246002197266e-01 7.585395574569702148e-01 -3.346605896949768066e-01 -5.312936305999755859e-01
1.139389395713806152e+00 5.759899616241455078e-01 -3.409631848335266113e-01 -5.601593255996704102e-01
1.046771049499511719e+00 2.234843373298645020e-01 -2.905941605567932129e-01 -4.371849298477172852e-01
1.107987999916076660e+00 6.158402562141418457e-01 -3.421649932861328125e-01 -5.541439056396484375e-01
1.039321303367614746e+00 5.514111518859863281e-01 -3.145874738693237305e-01 -5.366396903991699219e-01
8.804464936256408691e-01 4.484423398971557617e-01 -2.715109586715698242e-01 -4.718674421310424805e-01
1.117994070053100586e+00 5.305515527725219727e-01 -3.298601508140563965e-01 -5.486346483230590820e-01
1.147382616996765137e+00 3.447626233100891113e-01 -3.007615804672241211e-01 -5.337455272674560547e-01
9.031637907028198242e-01 7.263300418853759766e-01 -3.268600702285766602e-01 -5.249757766723632812e-01
9.551043510437011719e-01 5.974289178848266602e-01 -3.483053445816040039e-01 -5.144252777099609375e-01
1.125437259674072266e+00 8.159991502761840820e-01 -3.759243488311767578e-01 -5.807641148567199707e-01
1.082381248474121094e+00 3.404356837272644043e-01 -3.100296854972839355e-01 -4.736199975013732910e-01
7.196630239486694336e-01 6.508484482765197754e-01 -2.663080096244812012e-01 -4.592223763465881348e-01
1.090618610382080078e+00 7.443225383758544922e-01 -3.697758913040161133e-01 -5.667152404785156250e-01
8.989071846008300781e-01 7.136117815971374512e-01 -3.248461484909057617e-01 -5.313448309898376465e-01
8.288646936416625977e-01 6.184321641921997070e-01 -2.480639815330505371e-01 -4.924477934837341309e-01
1.202048778533935547e+00 4.118032157421112061e-01 -3.451668620109558105e-01 -5.204360485076904297e-01
1.190916180610656738e+00 5.828016400337219238e-01 -3.598980307579040527e-01 -5.728443861007690430e-01
8.955241441726684570e-01 6.367444396018981934e-01 -3.121817708015441895e-01 -4.651222229003906250e-01
3.321235775947570801e-01 1.194005683064460754e-01 -1.166786551475524902e-01 -2.059614658355712891e-01
1.239012956619262695e+00 4.973826408386230469e-01 -3.650960922241210938e-01 -5.480093955993652344e-01
1.219207763671875000e+00 5.145820379257202148e-01 -3.575665950775146484e-01 -5.423305034637451172e-01
8.570898175239562988e-01 8.026005029678344727e-01 -3.250799179077148438e-01 -5.231564640998840332e-01
8.828396797180175781e-01 6.315455436706542969e-01 -3.090828657150268555e-01 -4.607553482055664062e-01
9.120517969131469727e-01 7.549533843994140625e-01 -3.312949538230895996e-01 -5.288853645324707031e-01
7.071283459663391113e-01 7.814859598875045776e-02 -1.963297724723815918e-01 -3.437407612800598145e-01
1.107749819755554199e+00 7.129944562911987305e-01 -4.012166261672973633e-01 -5.958412885665893555e-01
1.290750861167907715e+00 4.051986932754516602e-01 -3.635389208793640137e-01 -5.782172083854675293e-01
6.873937249183654785e-01 6.049728393554687500e-01 -2.355201244354248047e-01 -4.367561936378479004e-01
1.247432470321655273e+00 4.280792772769927979e-01 -3.812751173973083496e-01 -5.474560260772705078e-01
1.311051249504089355e+00 3.312677741050720215e-01 -4.015891551971435547e-01 -5.165048837661743164e-01
4.099734127521514893e-01 1.102355942130088806e-01 -1.356266140937805176e-01 -2.448824644088745117e-01
9.210729002952575684e-01 1.669132858514785767e-01 -2.000063657760620117e-01 -4.314097166061401367e-01
